CODE V>	THO
Double Gauss F/3-asphere
Position	1, Wavelength =	587.6	NM
SA	TCO	TAS	SAS	PTB	DST	AX	LAT	PTZ
1	-0.427415	0.468804	-0.565638	-0.451371	-0.394238	0.165027	-0.238183	0.087083	-0.007610
2	-0.004259	0.103036	-0.698797	-0.144865	0.132100	1.168216	-0.025544	0.205989	0.002550
3	-0.004019	-0.005250	-0.527159	-0.525635	-0.524873	-0.228859	-0.131788	-0.057380	-0.010132
4	-0.004377	0.019889	-0.030332	-0.010250	-0.000209	0.015524	0.089978	-0.136278	-0.000004
5	0.540138	0.573456	1.179701	1.044406	0.976758	0.369610	0.277856	0.098332	0.018855
STO	0.000000	0.000000	0.000000	0.000000	0.000000	0.000000	0.000000	0.000000	0.000000
7	0.527232	-1.036009	1.439221	0.986831	0.760636	-0.646373	0.216599	-0.141872	0.014683
0.030177	0.043868	0.021257	0.007086	0.003434	ASPHERIC CONTRIBUTIONS
8	-0.006938	-0.039129	-0.078084	-0.029046	-0.004527	-0.054603	0.069331	0.130334	-0.000087
9	-0.235836	0.298913	-0.665954	-0.581763	-0.539667	0.245787	-0.119921	0.050665	-0.010418
10	0.000006	0.001618	0.075194	-0.014772	-0.059756	-1.232053	-0.001930	-0.161006	-0.001153
0.141292	0.591679	0.825911	0.275304	0.384290	ASPHERIC CONTRIBUTIONS
11	-0.576105	-1.011138	-1.000178	-0.605805	-0.408618	-0.354422	-0.133681	-0.078209	-0.007888

SUM	-0.020104	0.009738	-0.024856	-0.049881	-0.062393	-0.164423	0.002717	-0.002342	-0.001204
CODE V>	buf n
