CODE V> FIO SO..I
Double Gauss F/3-asphere
Position	1, Wavelength =	587.6	NM

HMY	UMY	N * IMY	HCY	UCY	N * ICY
EP	16.666666	0.000000	0.000000	0.249328
1	16.666666	-0.126837	0.330660	-18.660742	0.295701	-0.120893
2	15.556842	-0.141410	-0.037991	-16.073356	0.413220	0.306368
3	14.026084	-0.230087	0.234677	-11.600265	0.374610	0.102177
4	11.149993	-0.230728	-0.416804	-6.917635	0.375581	0.631279
5	10.273226	-0.059369	0.455340	-5.490427	0.436224	0.161143
STO	9.525994	-0.059369	-0.059369	0.000000	0.436224	0.436224
7	8.936635	-0.059369	-0.059369	4.330422	0.436224	0.436224
8	8.936635	0.094190	-0.408042	4.330422	0.335643	0.267267
9	9.294559	0.091901	0.350178	5.605864	0.331338	0.658290
10	10.305465	-0.025047	-0.305448	9.250580	0.380747	0.129048
11	9.996104	-0.026988	0.005069	13.953325	0.218874	0.422785
12	9.618278	-0.166667	-0.364820	17.017567	0.137156	-0.213435
IMG	0.005886	-0.166667	24.927955	0.137156
CODE V> buf n
