CODE V> FIO SO..I
Double Gauss F/3-asphere
Position	1, Wavelength =	587.6	NM

HMY	UMY	N * IMY	HCY	UCY	N * ICY
EP	16.666666	0.000000	0.000000	0.249328
1	16.666666	-0.132169	0.344560	-18.375205	0.299407	-0.130554
2	15.510186	-0.143066	-0.028409	-15.755394	0.413247	0.296776
3	14.037307	-0.236582	0.247483	-11.500988	0.378005	0.093264
4	11.080025	-0.237218	-0.413117	-6.775922	0.378970	0.627680
5	10.178599	-0.065389	0.456587	-5.335835	0.442534	0.168903
STO	9.390171	-0.065389	-0.065389	0.000000	0.442534	0.442534
7	8.737560	0.089207	-0.410798	4.416671	0.341701	0.267936
8	9.076548	0.086798	0.368434	5.715133	0.337190	0.689813
9	10.031325	-0.026431	-0.295735	9.424220	0.389418	0.136412
10	9.643565	-0.033938	0.019609	15.137327	0.212652	0.461685
11	9.168431	-0.166667	-0.346666	18.114457	0.123946	-0.231686
IMG	0.008279	-0.166667	24.926643	0.123946
CODE V> buf n
