CODE V>	THO
Double Gauss F/3-asphere
Position	1, Wavelength =	587.6	NM
SA	TCO	TAS	SAS	PTB	DST	AX	LAT	PTZ
1	-0.483617	0.549728	-0.619103	-0.480242	-0.410811	0.181964	-0.248196	0.094041	-0.007930
2	-0.002313	0.072492	-0.610405	-0.105537	0.146897	1.102512	-0.019044	0.198942	0.002836
3	-0.010624	-0.012010	-0.549147	-0.546129	-0.544621	-0.205809	-0.139090	-0.052416	-0.010513
4	-0.004310	0.019644	-0.029994	-0.010096	-0.000147	0.015339	0.088622	-0.134651	-0.000003
5	0.525538	0.583228	1.215508	1.071675	0.999758	0.396438	0.276051	0.102118	0.019299
STO	0.000000	0.000000	0.000000	0.000000	0.000000	0.000000	0.000000	0.000000	0.000000
7	0.535356	-1.047531	1.453916	0.998427	0.770682	-0.651207	0.213204	-0.139059	0.014877
8	-0.007652	-0.042981	-0.085719	-0.032071	-0.005247	-0.060046	0.071235	0.133372	-0.000101
9	-0.210549	0.291357	-0.666867	-0.577272	-0.532475	0.266275	-0.113020	0.052132	-0.010279
10	0.000061	0.004311	0.006808	-0.060857	-0.094690	-1.432886	-0.007204	-0.169619	-0.001828
0.120885	0.569253	0.893547	0.297849	0.467528	ASPHERIC CONTRIBUTIONS
11	-0.481687	-0.965774	-1.034848	-0.604546	-0.389394	-0.404034	-0.121087	-0.080926	-0.007517

SUM	-0.018912	0.021717	-0.026305	-0.048800	-0.060048	-0.323924	0.001472	0.003934	-0.001159
CODE V>	buf n
